565010
10
1614802524053096
#[(0.0035851,0.0368259) (-0.0391552,0.0191471) (-0.0112988,0.0377907) (0.0303536,-0.0139674) (0.00823596,0.0550385) (0.0137234,-0.00150467) (0.0250914,0.0267782) (-0.0215731,0.109073) (-0.0383274,-0.0606032) (-0.0166752,0.00176228) (0.00892451,0.0778656) (0.00155399,0.013173) (0.019627,0.015664) (0.00680503,0.0581338) (0.00303578,0.0528928) (0.0600158,-0.00409501) (0.000312708,0.017699) (-0.0140831,0.0301299) (-0.0895945,0.037348) (-0.0213249,0.0319828) (-0.046755,0.0363079) (-0.0309838,0.0455745) (-0.0103804,0.0297827) (-0.0204777,0.00349624) (-0.029393,0.0637525) (-0.0881216,0.0533713) (-0.130218,0.0895498) (-0.141391,0.0306922) (-0.113452,0.144564) (-0.172918,0.143012) (-0.300918,0.192009) (-0.84098,0.424325) (1.7812,-0.813537) (0.446472,-0.143093) (0.249955,-0.0985606) (0.185077,-0.0890683) (0.112739,0.0244334) (0.115847,-0.0411776) (0.11314,-0.00486651) (0.0743577,0.0214842) (0.0855821,0.0346446) (0.0533312,-0.00843328) (0.0542772,0.0202457) (0.0888353,0.0220504) (0.103066,-0.00529274) (0.0413384,0.0207423) (0.0414161,0.0319117) (0.0914058,0.0184077) (0.0368042,0.0398128) (0.0415889,0.00335576) (0.0450784,-0.00117109) (0.05819,0.0194463) (0.0477491,-0.0679002) (0.0308117,0.0187142) (0.0316813,-0.0215637) (-0.0219145,-0.00602674) (0.0520348,0.0198709) (-0.0186674,0.0646736) (0.047905,0.0244957) (0.0466297,0.000484524) (-0.0353179,0.00209949) (-0.027687,0.00651202) (0.0282078,0.0285048) (0.000438422,0.0310265)]
935123
320
1614802524130859
#[(-0.00224024,0.0549503) (0.0356073,0.0407476) (0.00866796,0.0271085) (0.0153976,0.0327829) (0.0392933,0.0510846) (0.0119867,0.00891349) (0.0138363,-0.00540374) (0.00474664,0.0335725) (-0.0436813,0.0381599) (-0.0315701,0.00470413) (0.0308955,0.027772) (0.0284907,0.0117797) (-0.0398067,0.0592939) (0.0424066,-0.0590096) (-0.00650801,0.0347742) (-0.024106,0.0921417) (-0.0344739,0.138901) (0.0105699,0.0306544) (0.0103388,-0.0209522) (-0.0283832,-0.00394118) (-0.00350732,0.0607695) (-0.0488006,0.00833112) (-0.0264642,0.0955641) (-0.0970836,0.0709081) (-0.0269489,0.00198322) (-0.0714042,0.0074178) (-0.0710618,0.084868) (-0.106889,0.0642182) (-0.0298616,0.0394172) (-0.137715,0.0751031) (-0.203987,0.0846541) (-0.402247,0.0542586) (-2.07903,0.501902) (0.612056,-0.128428) (0.230005,-0.0409961) (0.192347,0.0296013) (0.129333,-0.00561735) (0.0933064,-0.00561468) (0.0436131,-0.0227175) (0.113639,0.0164046) (0.0458231,0.0245991) (0.0274469,0.0281996) (0.0615183,0.015495) (-0.0251866,0.0210623) (-0.000931269,-0.0377613) (0.0716524,0.0164551) (0.0430021,-0.00908487) (0.0113022,0.0277029) (0.0224975,0.00973015) (0.000470451,-0.0112417) (0.040692,0.00588086) (0.0280695,-0.0104491) (-0.0691053,-0.0186183) (0.00410372,-0.0207665) (-0.0246603,0.038032) (-0.0053758,0.0281797) (0.0251233,0.0660948) (-0.0317974,-0.00391224) (0.0350062,0.0571198) (-0.0106865,0.0342858) (0.0512328,-0.0202282) (0.0627318,0.0157897) (0.0416868,0.0629438) (0.00760359,0.0134176)]
1674755
320
1614802524430422
#[(-0.0289432,0.0260765) (-0.0123558,-0.0109208) (-0.0227028,0.0338832) (-0.0149976,-0.0161533) (0.0267026,0.00371325) (0.0268778,0.0206832) (0.0279958,0.0174128) (-0.0132731,0.0387958) (0.00777683,0.0509577) (0.00522865,0.0379312) (-0.0147345,0.0462862) (0.0196748,0.0295564) (-0.0579079,-0.0155203) (0.00127706,0.0321696) (-0.0520747,0.0260544) (-0.072272,0.012809) (-0.0858599,0.00329617) (-0.00436634,0.0389265) (-0.0201593,-0.0120838) (0.0270768,0.0477581) (0.0168592,-0.0170005) (-0.0331176,0.0582839) (0.0195029,0.0120742) (-0.00365865,0.0138171) (-0.0366607,0.165243) (-0.0956917,0.0555556) (-0.067594,0.09806) (-0.184598,0.0375189) (-0.157521,0.0321446) (-0.190998,0.0131188) (-0.337454,-0.0696303) (-0.62017,-0.452576) (1.27635,1.35743) (0.157331,0.346493) (0.0124256,0.0780938) (-0.00314566,0.0580517) (0.029843,0.00535568) (0.0465223,-0.0770223) (-0.0356121,-0.0489253) (0.0587843,0.00723434) (0.0710054,-0.0102778) (0.088777,-0.0182148) (0.104794,0.0579928) (0.037494,-0.00223372) (0.0203032,-0.0225265) (0.0665106,0.0686056) (0.0419709,0.0162645) (0.0176752,0.102874) (-0.026325,0.0754347) (0.0145991,-0.0116515) (-0.0591071,0.00245099) (-0.0641813,-0.0405254) (0.0228152,-0.00890838) (0.00997686,0.0187649) (-0.011042,0.0565485) (0.0469468,-0.0103945) (0.0232411,0.0191561) (0.0524591,0.0226699) (-0.024023,0.06324) (-0.00956593,0.0431089) (0.0148199,0.0762146) (-0.0476156,0.0809945) (0.0288671,0.0427451) (0.036595,-0.000162244)]
1875936
0
1614802524530070
#[(-0.00504308,0.0382048) (0.0647031,0.0722706) (0.0369082,0.0730007) (0.0178246,-0.0139875) (0.00835404,0.00336957) (0.0316111,-0.0270767) (-0.0244443,0.0359324) (0.0187044,0.0424307) (-0.0257959,0.0123787) (0.00757223,0.0238942) (0.0195956,0.0276658) (0.0275481,0.0232349) (0.0177841,0.0231303) (0.00266247,-0.0543811) (0.00196946,0.0504985) (0.00987058,0.0199029) (-0.0660793,0.054281) (-0.0188563,0.0231247) (-0.0406151,0.0192807) (0.0595723,0.0551057) (-0.0456695,0.0840034) (-0.0197274,0.0161127) (-0.058081,0.00444441) (-0.0511837,0.0253663) (0.0355225,0.0292542) (-0.0931206,0.0488328) (-0.0459027,0.0312713) (-0.11799,0.013538) (-0.122902,0.00379824) (-0.0751312,0.0464833) (-0.173968,0.0638166) (-0.394254,0.0748049) (2.09346,-0.373357) (0.339167,-0.0518897) (0.195583,-0.0519114) (0.115046,-0.0606469) (0.0806677,0.00569841) (0.0704914,-0.0831886) (0.0107729,-0.0285287) (0.118192,-0.0341401) (-0.0216807,0.0219297) (0.050234,-0.00239405) (0.0833427,0.0435339) (0.0412758,0.0685219) (0.0525605,0.0710336) (0.0230587,0.051611) (0.0368196,0.0300602) (0.0226787,0.0174397) (0.0840635,-0.0293199) (0.0323086,0.0685392) (0.0145448,-0.00595434) (0.0184238,0.0387904) (-0.0689494,0.00785617) (0.025409,0.0597381) (-0.0369584,0.0472439) (0.0339394,0.0323219) (0.019543,0.02914) (0.0404375,0.0303088) (0.0450144,-0.0361652) (0.0403302,-0.00440708) (-0.00290513,-0.00973179) (-0.021074,0.0322759) (0.00609673,0.0433409) (0.039007,-0.0254222)]
2317943
3
1614802526248020
#[(0.021248,-0.00240155) (0.00837195,-0.0106304) (-0.00584207,-0.00992422) (-0.0157839,-0.00213259) (-0.0186622,0.00800119) (-0.0155187,0.0154846) (-0.0102348,0.017631) (-0.00713778,0.0152295) (-0.00850605,0.0117759) (-0.013305,0.0112211) (-0.0178346,0.0154649) (-0.0179646,0.0229772) (-0.0117788,0.0293591) (-0.00117475,0.0296563) (0.00855763,0.0212827) (0.0111492,0.0060053) (0.00266793,-0.0101964) (-0.0159279,-0.0195779) (-0.0384425,-0.0163886) (-0.0557682,-0.000165028) (-0.0600568,0.0231778) (-0.0488946,0.0433029) (-0.0274287,0.0499025) (-0.0071372,0.0378288) (-0.00138279,0.0105598) (-0.0193949,-0.0198278) (-0.0612249,-0.0366081) (-0.116037,-0.0249879) (-0.164857,0.0212515) (-0.187058,0.0958763) (-0.168235,0.180959) (-0.106346,0.252334) (-0.0135499,0.287877) (0.0872181,0.275489) (0.169802,0.217677) (0.213719,0.13088) (0.211016,0.0397414) (0.168501,-0.0314741) (0.104594,-0.0670557) (0.0421444,-0.0645257) (9.54298e-05,-0.0342139) (-0.0127606,0.00583798) (0.000308286,0.0373891) (0.0268296,0.0488446) (0.0512424,0.0387991) (0.0615581,0.0151541) (0.053821,-0.00943797) (0.0327373,-0.0235894) (0.00855981,-0.0219994) (-0.0081019,-0.00713978) (-0.0111226,0.0126479) (-0.00125857,0.0275078) (0.0147677,0.0307482) (0.0278384,0.0217207) (0.0308663,0.00572177) (0.0220049,-0.00884646) (0.00524656,-0.0145919) (-0.0117208,-0.0085626) (-0.0212647,0.00655137) (-0.0193572,0.0238862) (-0.00729255,0.0357316) (0.00912753,0.0370891) (0.0224382,0.0278066) (0.0269645,0.0123736)]
103936
12
1614802872770885
#[(0.0337664,0.00592213) (0.023071,0.0585235) (-0.0451902,0.0318786) (-0.00671453,0.0132534) (0.00647696,0.064331) (0.0224335,0.0146579) (-0.0312847,-0.0203669) (0.0121665,0.00195756) (0.0129872,-0.0303503) (0.0392247,-0.0012478) (0.0139404,0.0410348) (-0.0172659,0.0500791) (-0.0234067,0.0391245) (-0.0235708,0.0591182) (-0.0048658,0.0315883) (-0.0489041,0.0340407) (-0.0240434,0.0359988) (-0.109347,0.0423801) (-0.0338425,0.0415388) (-0.0772385,0.0316328) (-0.0437068,0.0775717) (-0.0204418,0.0251689) (-0.0717878,-0.0167556) (-0.106269,0.0538289) (-0.0971373,-0.0110811) (-0.10201,0.084288) (-0.12847,0.0361849) (-0.115273,-0.000108205) (-0.217975,0.0560415) (-0.242849,0.06725) (-0.358119,0.0819254) (-0.951421,0.0805042) (1.86481,-0.0128089) (0.483529,-0.000556663) (0.281263,0.00807635) (0.264452,0.0101916) (0.111754,-0.00523303) (0.135362,0.114075) (0.0894566,-0.0164609) (0.0550344,0.0323966) (0.0827635,0.000304986) (0.0891897,0.0862805) (0.0922459,0.0447642) (0.066261,0.0138413) (0.0809574,0.0242814) (0.0691694,0.0105489) (0.0516075,0.0556326) (0.0459026,0.0133929) (0.0296437,0.0424242) (-0.00317647,0.0155786) (0.0807683,0.0725317) (0.0127528,-0.034159) (0.0752002,0.0154547) (0.0530199,0.00181234) (-0.0152931,0.0175635) (-0.00643363,0.0373518) (0.0478008,0.0406517) (-0.00748883,-0.00118205) (0.00833366,0.0797759) (0.036927,0.0471742) (0.0184215,0.0128727) (-0.00683645,0.0249281) (0.0274705,0.035929) (-0.0212657,0.0149882)]
1309449
6
1614802873064116
#[(-0.00677127,0.0268964) (0.00794439,0.00369701) (0.0204426,0.0832245) (-0.0104562,0.038841) (-0.021616,0.0184388) (-0.055496,0.0136186) (0.0365698,0.0900195) (-0.00243895,0.0299857) (-0.0254481,-0.00277945) (0.0196918,0.0342623) (-0.0126079,0.00749068) (-0.0371135,0.0457303) (-0.0242005,0.0508098) (0.0192951,-0.00257001) (-0.0148622,0.0263323) (-0.046642,0.0269286) (-0.079744,-0.0054968) (0.00477773,-0.00167321) (-0.0649634,0.0656562) (-0.0566779,0.0155934) (-0.0595778,0.041446) (-0.0408734,0.0231859) (-0.0425463,0.0681113) (-0.0524155,-0.0123534) (-0.053619,0.008678) (-0.111733,0.041266) (-0.125209,0.0453305) (-0.117356,0.0284204) (-0.17986,0.0111231) (-0.245513,0.0541954) (-0.290125,0.067489) (-0.456695,0.10475) (-1.78234,0.193707) (0.951749,-0.0591106) (0.388404,0.0527035) (0.242504,0.0128214) (0.17787,0.00381968) (0.0898404,0.0237889) (0.124001,0.0375822) (0.1154,-0.013259) (0.07588,-0.0157947) (0.0690141,0.0104609) (0.0786039,0.04434) (0.047122,0.0328253) (0.0422523,0.0722939) (0.0175429,-0.0248397) (0.0402697,0.00715845) (0.020713,0.00350693) (0.039517,0.00133902) (0.0319437,0.0540984) (0.0676861,0.0279482) (0.0073012,-0.0266087) (0.0482128,0.028933) (0.051529,0.00879466) (0.0158877,0.0459915) (0.0070304,-0.0112603) (0.0063508,-0.0130839) (-0.0202438,0.00138392) (0.00250535,-0.0295718) (0.00519138,0.0390395) (0.0501293,0.0226334) (-0.0211132,0.0685292) (0.0346847,0.034633) (-0.0120251,0.0210168)]
2479299
10
1614802873375585
#[(0.00137649,0.00527649) (-0.0146414,0.0167785) (-0.0146709,0.0737699) (0.00912115,0.0573693) (-0.0171143,0.00297524) (-0.00716542,0.0222453) (0.0164957,0.0531) (-0.0224138,0.0412541) (-0.0339991,0.031193) (0.00440602,0.0682553) (0.0256228,-0.000681989) (-0.0301823,0.0370554) (0.00372249,0.0815143) (0.0231063,0.0528447) (-0.0285903,0.0316401) (0.0405039,0.00544191) (-0.043165,0.0154873) (0.00957806,0.0682023) (-0.0458062,0.0389899) (-0.0467027,0.0708267) (-0.0809686,0.0385369) (-0.0387174,0.0811796) (-0.0274121,0.00443611) (-0.0471902,0.0997389) (-0.0609269,0.0411942) (-0.0765383,0.0599023) (-0.0909698,0.00617744) (-0.128238,0.0801071) (-0.0979597,0.0867011) (-0.180952,0.103219) (-0.283023,0.130119) (-0.395645,0.157296) (-1.73761,0.623222) (1.10266,-0.325328) (0.337632,-0.128826) (0.244466,-0.0314091) (0.205637,-0.0304258) (0.116547,-0.0444108) (0.101424,-0.0186449) (0.0601036,0.00295949) (0.0672953,0.0441407) (0.117026,0.00332557) (0.031757,0.00756353) (0.0673552,0.0102381) (0.0585843,0.0014338) (0.0290129,0.00862346) (0.0604771,0.0579284) (0.066814,0.0103304) (0.0157804,0.0130675) (0.0646149,0.0582397) (0.0397954,0.0466794) (0.00349683,0.0472442) (0.0865545,0.00677531) (0.0304602,0.0198874) (0.0675638,0.0443621) (0.0622212,-0.00838204) (0.00326726,-0.0102844) (-0.0274202,0.0663478) (-0.00481693,-0.00825982) (0.0278685,0.00859863) (0.037758,0.0191296) (0.0250116,0.0588752) (-0.0237058,0.0672997) (-0.0186084,0.00878821)]
3199059
14
1614802873573190
#[(0.0462103,0.0581865) (0.0239508,0.00489475) (0.00629372,0.0185824) (-0.0179855,0.0559639) (-0.0071494,0.00429425) (-0.0361454,0.0153411) (-0.0224766,0.000954811) (0.0215848,0.0016173) (-0.0414538,-0.00453637) (-0.0195794,0.0216799) (0.0113825,-0.00960487) (0.0252549,-0.00191237) (-0.0396706,-0.00204838) (-0.000665925,-0.0832587) (0.00108606,0.0243211) (-0.018073,-0.0522658) (0.0508725,0.00683904) (0.0324631,-0.0191477) (0.0351521,0.015054) (-0.0582075,0.0748748) (-0.0248985,-0.0272571) (0.0503225,0.0856236) (0.0598922,0.00455203) (0.00222064,0.0366376) (0.0175479,0.0595498) (0.0345575,0.00495048) (0.0378608,0.103554) (0.0159968,0.0775483) (-0.0398084,0.0754526) (-0.111678,0.108736) (-0.0894245,0.198404) (-0.19761,0.368782) (-0.93441,1.68163) (0.446188,-0.697824) (0.238786,-0.228751) (0.07299,-0.178323) (0.14026,-0.129863) (0.0769155,-0.0809685) (0.0601387,-0.0220029) (0.151356,-0.0149871) (0.121051,0.0128454) (0.131029,-0.0137653) (0.0934099,-0.0335204) (0.0796941,0.0302106) (0.0525112,0.0580906) (0.0717228,-0.0344561) (0.065284,0.0226128) (-0.0409479,0.0303371) (0.0665441,-0.0132523) (0.0630067,0.0616546) (0.0489545,0.0459401) (0.0543141,0.0122725) (0.03964,0.0284751) (0.00929832,0.02185) (0.0314327,0.0223751) (0.00294183,-0.0100896) (-0.0358244,0.0291242) (-0.102706,0.0120425) (0.0362061,0.0714559) (-0.0454063,0.0407267) (-0.00846523,0.00532844) (-0.00405042,0.0560203) (-0.0201031,0.0403454) (-0.00187897,0.0162103)]
3684919
320
1614802873677189
#[(0.00574742,0.0461953) (-0.0307286,0.0149906) (-0.00817501,-0.0114756) (-0.00883454,-0.0552653) (0.0164309,0.0554734) (0.00117182,0.0525947) (-0.0105404,-0.00349304) (-0.0104309,-0.057282) (-0.0303079,-0.000618698) (-0.0230456,0.00720139) (0.00193145,-0.000666155) (-0.0225875,-0.0162187) (-0.0535352,0.0583136) (-0.0484389,-0.00840546) (-0.024117,-0.0233094) (0.0265744,0.00501594) (-0.0237344,0.0482321) (-0.0177526,0.0250175) (-0.0240759,0.00417422) (-0.0205551,-0.0558386) (0.00168991,-0.0372599) (0.0180222,-0.0350896) (-0.0340853,0.0173285) (-0.0892838,-0.00991925) (-0.0774045,-0.0875633) (-0.0951507,-0.0422152) (0.00399361,-0.0844467) (0.00544738,0.0250051) (-0.156668,0.0678141) (-0.2191,-0.0726689) (-0.24332,-0.291042) (-0.0911688,-0.60497) (-0.769488,1.68682) (0.112371,-0.126616) (0.207501,0.00836672) (0.161722,0.148447) (0.0876072,0.135449) (-0.0400679,0.119652) (-0.0402022,-0.00297552) (0.0336015,-0.0517404) (-0.0166378,0.0748294) (0.053188,0.074828) (0.0130198,0.118032) (-0.0173229,0.0274367) (-0.0571061,-0.0129171) (0.0614244,0.0261524) (0.0158844,0.0677976) (0.0135626,0.0244517) (-0.00521294,0.064814) (-0.0437226,0.013656) (0.0148586,-0.00511629) (-0.0102853,0.000847851) (0.0146345,0.0930441) (-0.0099715,0.025744) (0.00846248,0.0387812) (-0.0451456,0.0159084) (-0.00430681,0.00718183) (0.0390926,0.0287999) (0.0444811,0.0619689) (-0.0430571,-0.00438688) (-0.0380972,0.0287268) (0.0139167,0.00809802) (0.00547989,-0.00489662) (0.0220332,0.0332348)]
3726848
9
1614802874083806
#[(-0.0142465,-0.00585223) (-0.022131,-0.0169155) (-0.0248185,-0.00258285) (-0.000293744,-0.00469283) (-0.00082491,-0.0385972) (-0.0376553,-0.0434032) (-0.0451519,-0.0111469) (-0.0204698,-0.00814906) (-0.0284808,-0.0284361) (-0.0509713,-0.00803292) (-0.0227326,0.0213815) (0.0124077,-0.00829925) (-0.0163509,-0.0437611) (-0.0486616,-0.0136029) (-0.0156321,0.0161622) (0.0112658,-0.0176903) (-0.0230095,-0.0377146) (-0.0345771,0.00132558) (0.0107688,0.00948692) (0.0182177,-0.0344706) (-0.0172187,-0.0316959) (0.00824495,0.00278081) (0.0571267,-0.042274) (0.00834064,-0.106734) (-0.0564515,-0.059142) (0.00266629,-0.00222419) (0.059621,-0.0806051) (-0.0314253,-0.137301) (-0.0681685,-0.0229565) (0.118944,-0.00206253) (0.198004,-0.299535) (-0.154091,-0.539867) (-0.575407,-0.277446) (-0.516611,0.209435) (-0.125565,0.330282) (0.0436678,0.104636) (-0.0719097,-0.00426185) (-0.111501,0.0903569) (-0.00550428,0.108696) (0.0176593,0.0112984) (-0.0562403,-0.00521992) (-0.0553256,0.056272) (0.00474514,0.0474031) (-0.00176378,-0.00462127) (-0.0366,0.00493186) (-0.0140048,0.0271176) (0.00670062,-0.00766729) (-0.03181,-0.0310376) (-0.0554339,0.00589329) (-0.0216664,0.0282454) (-0.00137513,0.000348767) (-0.021237,-0.0139409) (-0.0250655,0.000758193) (-0.00982397,-0.00522338) (-0.0204214,-0.0235178) (-0.0398384,-0.0130437) (-0.0317286,0.00394258) (-0.0211549,-0.00150624) (-0.0265623,-0.00181645) (-0.0162061,0.00922176) (0.00466543,-0.00645123) (-0.00909327,-0.035144) (-0.0390999,-0.0263452) (-0.0334685,-0.000465844)]
